DATASET_SYMBOL
SEPARATOR COMMA
DATASET_LABEL,Reported degraders
COLOR,#00ff00
MAXIMUM_SIZE,5
DATA
#100379,3,5,#0000ff,0,0
662,3,50,#ff0000,1,1
958,3,50,#ff0000,1,1
58050,3,50,#ff0000,1,1
22,3,50,#ff0000,1,1
237,3,50,#ff0000,1,1
53246,3,50,#ff0000,1,1
1386,3,50,#ff0000,1,1
1406885,3,50,#ff0000,1,1
497,3,50,#ff0000,1,1
286,3,50,#ff0000,1,1
204286,3,50,#ff0000,1,1
48736,3,50,#ff0000,1,1
249523,3,50,#ff0000,1,1
872,3,50,#ff0000,1,1
469,3,50,#ff0000,1,1
59753,3,50,#ff0000,1,1
149698,3,50,#ff0000,1,1
1763,3,50,#ff0000,1,1
1301,3,50,#ff0000,1,1
400634,3,50,#ff0000,1,1
44249,3,50,#ff0000,1,1
1827,3,50,#ff0000,1,1
2023,3,50,#ff0000,1,1
188907,3,50,#ff0000,1,1
816,3,50,#ff0000,1,1
34072,3,50,#ff0000,1,1
365348,3,50,#ff0000,1,1
2742,3,50,#ff0000,1,1
1485,3,50,#ff0000,1,1
1873,3,50,#ff0000,1,1
13687,3,50,#ff0000,1,1
1663,3,50,#ff0000,1,1
40323,3,50,#ff0000,1,1
28453,3,50,#ff0000,1,1
265,3,50,#ff0000,1,1
1279,3,50,#ff0000,1,1
55968,3,50,#ff0000,1,1
57493,3,50,#ff0000,1,1
12916,3,50,#ff0000,1,1
226,3,50,#ff0000,1,1
41275,3,50,#ff0000,1,1
33986,3,50,#ff0000,1,1
1883,3,50,#ff0000,1,1
2745,3,50,#ff0000,1,1
18,3,50,#ff0000,1,1
222,3,50,#ff0000,1,1
55080,3,50,#ff0000,1,1
33951,3,50,#ff0000,1,1
283,3,50,#ff0000,1,1
1847,3,50,#ff0000,1,1
80865,3,50,#ff0000,1,1
1081,3,50,#ff0000,1,1
401469,3,50,#ff0000,1,1
34037,3,50,#ff0000,1,1
88,3,50,#ff0000,1,1
83618,3,50,#ff0000,1,1
292635,3,50,#ff0000,1,1
1269,3,50,#ff0000,1,1
28065,3,50,#ff0000,1,1
570,3,50,#ff0000,1,1
