DATASET_SYMBOL
SEPARATOR COMMA
DATASET_LABEL,All plastics
COLOR,#00ff00
MAXIMUM_SIZE,5
DATA
#100379,3,5,#0000ff,0,0
641,3,50,#ff0000,1,1
213483,3,50,#ff0000,1,1
267891,3,50,#ff0000,1,1
267890,3,50,#ff0000,1,1
49546,3,50,#ff0000,1,1
267888,3,50,#ff0000,1,1
186817,3,50,#ff0000,1,1
72275,3,50,#ff0000,1,1
468,3,50,#ff0000,1,1
135621,3,50,#ff0000,1,1
28256,3,50,#ff0000,1,1
119060,3,50,#ff0000,1,1
194924,3,50,#ff0000,1,1
224372,3,50,#ff0000,1,1
75682,3,50,#ff0000,1,1
1762,3,50,#ff0000,1,1
1300,3,50,#ff0000,1,1
186822,3,50,#ff0000,1,1
85025,3,50,#ff0000,1,1
186824,3,50,#ff0000,1,1
135620,3,50,#ff0000,1,1
815,3,50,#ff0000,1,1
80864,3,50,#ff0000,1,1
1843490,3,50,#ff0000,1,1
31979,3,50,#ff0000,1,1
28056,3,50,#ff0000,1,1
41297,3,50,#ff0000,1,1
1268,3,50,#ff0000,1,1
32033,3,50,#ff0000,1,1
84566,3,50,#ff0000,1,1
31989,3,50,#ff0000,1,1
90964,3,50,#ff0000,1,1
85023,3,50,#ff0000,1,1
76892,3,50,#ff0000,1,1
2062,3,50,#ff0000,1,1
213421,3,50,#ff0000,1,1
506,3,50,#ff0000,1,1
186806,3,50,#ff0000,1,1
2070,3,50,#ff0000,1,1
41295,3,50,#ff0000,1,1
1903411,3,50,#ff0000,1,1
543,3,50,#ff0000,1,1
